--------------scenicsopt:name,description,image,geoinfo(latitide,longtitude)------------------------------------
GA1
A区宿舍楼
GA1.jpg
36.004879619719226,120.11914730072021
36.00504886537271,120.12012898921967
36.004816694960546,120.12017726898193
36.00465829793189,120.11921435594559
GA2
A区宿舍楼
GA2.jpg
36.00448688161088,120.11654824018478
36.00461924108141,120.11753797531128
36.00438272974018,120.11761575937271
36.00424820003689,120.1166233420372
GA3
A区宿舍楼
GA3.jpg
36.005302733171746,120.11929214000702
36.00542424225641,120.1200270652771
36.00519424275935,120.12011557817459
36.00509009182302,120.1193618774414
GA4
A区宿舍楼
GA4.jpg
36.004847072436526,120.11648923158646
36.004962072775264,120.11723756790161
36.00475593997349,120.1172536611557
36.00461273160446,120.11652678251266
GA5
A区宿舍楼
GA5.jpg
36.00569329742033,120.1191982626915
36.00584084341072,120.11994928121567
36.005615184725386,120.1199734210968
36.00547848732302,120.11926531791687
GA6
A区宿舍楼,校医院位于学生生活区A区。为教师同学们提供服务。
GA6.jpg
36.00527018606369,120.1163712143898
36.00536565754253,120.117127597332
36.00514216730837,120.11717587709427
36.00505537481365,120.11644631624222
GA7
A区宿舍楼
GA7.jpg
36.00611206693752,120.119109749794
36.0062292352125,120.11985540390015
36.00600357763875,120.11993050575256
36.00589508819073,120.11918485164642
GA8
A区宿舍楼
GA8.jpg
36.00567593905034,120.11628270149231
36.00577357983168,120.11701762676239
36.00553924175332,120.11707931756973
36.0054025442193,120.11634439229965
GA9
A区宿舍楼
GA9.jpg
36.0057193349681,120.11880934238434
36.00574320271269,120.1190185546875
36.0055717887503,120.11905610561371
36.00555443035358,120.11886566877365
GA10
A区宿舍楼
GA10.jpg
36.00547848732302,120.11728048324585
36.005504524941756,120.11748969554901
36.00533745007218,120.11752188205719
36.00530490297846,120.1173260807991
GA11
A区宿舍楼
GA11.jpg
36.00604046401709,120.11873692274094
36.00606867123594,120.1189461350441
36.00589291840024,120.11899173259735
36.00587556007423,120.11878788471222
GA12
A区宿舍楼
GA12.jpg
36.005808296524805,120.11719197034836
36.00584518299449,120.11740654706955
36.00566942966062,120.11744678020477
36.00563688270397,120.11724829673767
GA13
A区宿舍楼
GA13.jpg
36.00650913649789,120.11902123689651
36.00664800188309,120.11979103088379
36.006383289531286,120.11983394622803
36.00627263082571,120.11908024549484
GA14
A区宿舍楼
GA14.jpg
36.00603395465745,120.11616736650467
36.006138104346995,120.11691838502884
36.00592763504082,120.11698544025421
36.005825654865625,120.11621564626694
GA15
A区宿舍楼
GA15.jpg
36.00690620405854,120.118927359581
36.00704072922666,120.11965423822403
36.00681290421036,120.11976420879364
36.0067000763395,120.11897027492523
GA16
A区宿舍楼
GA16.jpg
36.00643536416252,120.11608421802521
36.006546022639704,120.11678159236908
36.00634423353527,120.11689156293869
36.00622272586845,120.11613517999649
GA17
A区宿舍楼
GA17.jpg
36.0073358158882,120.11884152889252
36.00745732183958,120.11960059404373
36.00722949802714,120.11967301368713
36.00710582196754,120.11889785528183
GA18
A区宿舍楼
GA18.jpg
36.006192348922475,120.11715978384018
36.006261781924636,120.1175245642662
36.006077350378156,120.11755675077438
36.00599923806371,120.11722147464752
GA19
A区宿舍楼
GA19.jpg
36.006404987298474,120.11842846870422
36.00645272236528,120.11881202459335
36.00625093302208,120.11886566877365
36.00620536761505,120.11849284172058
GA20
A区宿舍楼
GA20.jpg
36.00659375762111,120.1170551776886
36.00665234142246,120.11742264032364
36.00644404326438,120.11748701334
36.006374610422725,120.11710613965988
GA21
A区宿舍楼
GA21.jpg
36.006795546086884,120.11835873126984
36.00684762044584,120.11872082948685
36.00665234142246,120.11876910924911
36.00660026693453,120.1184070110321
--------------------------------------------------------------------------------------------
GB1
B区宿舍楼
GB1.jpg
36.00559348674082,120.12465924024582
36.0056520712854,120.12512058019638
36.005415563042284,120.12517154216766
36.00535480851667,120.12476652860641
GB2
B区宿舍楼
GB2.jpg
36.00522245028093,120.12210845947266
36.00537867637161,120.12318938970566
36.00512480881707,120.12320280075073
36.004994620010514,120.12221574783325
GB3
B区宿舍楼
GB3.jpg
36.0060426338035,120.12451976537704
36.006188009357814,120.12556850910187
36.00593414440922,120.12567311525345
36.00577791941917,120.1245304942131
GB4
B区宿舍楼
GB4.jpg
36.0056390525015,120.12200117111206
36.005823485073236,120.1230901479721
36.0055869773443,120.12323766946793
36.005367827347534,120.12207359075546
GB6
B区宿舍楼
GB6.jpg
36.00605782230679,120.12195825576782
36.006155462615226,120.12243300676346
36.00589074860971,120.12244910001755
36.005797447559864,120.12197703123093
GB8
B区宿舍楼
GB8.jpg
36.006519985364925,120.12184292078018
36.00661328555973,120.12227475643158
36.00634206375716,120.12233644723892
36.00625744236379,120.12190192937851
GB10
B区宿舍楼
GB10.jpg
36.006938750491216,120.12174636125565
36.00698865499526,120.12218356132507
36.00673479262464,120.1222613453865
36.0067000763395,120.12179732322693
GB12
B区宿舍楼
GB12.jpg
36.00734232514034,120.12162029743195
36.00747901931121,120.12207627296448
36.00721647950369,120.12214064598083
36.007138368317804,120.12169808149338
GB14
B区宿舍楼
GB14.jpg
36.007810989882294,120.12153714895248
36.0078587240978,120.12197971343994
36.007609204015495,120.12205481529236
36.007574488115374,120.12159883975983
-----------------------------------------------------------------------------------------------
GC1
C区宿舍楼
GC1.jpg
36.004775468367285,120.11379092931747
36.00487311026375,120.11444538831711
36.00463442985891,120.11445879936218
36.00455631611495,120.11384725570679
GC2
C区宿舍楼
GC2.jpg
36.00354733996667,120.11173635721207
36.003694889972834,120.11267244815826
36.003454036143815,120.11269927024841
36.00330648568695,120.11184096336365
GC3
C区宿舍楼
GC3.jpg
36.00521594085378,120.1137775182724
36.005300563364976,120.11430323123932
36.00507924275922,120.11437565088272
36.00500546908593,120.11381506919861
GC4
C区宿舍楼
GC4.jpg
36.004007347897996,120.11174976825714
36.00409631138631,120.1125517487526
36.003888006475485,120.11260539293289
36.00376432517431,120.11175513267517
GC5
C区宿舍楼
GC5.jpg
36.00560650553228,120.11343687772751
36.005747542301826,120.1142281293869
36.005495845736455,120.11426031589508
36.00534395948931,120.11348783969879
GC6
C区宿舍楼
GC6.jpg
36.004465183315844,120.11169880628586
36.00455414628762,120.11235058307648
36.00432414425243,120.11243104934692
36.00424603020109,120.11181145906448
GC7
C区宿舍楼
GC7.jpg
36.00605782230679,120.1133644580841
36.00611640650635,120.11382848024368
36.00589508819073,120.11387944221497
36.0058169756957,120.11342883110046
GC8
C区宿舍楼
GC8.jpg
36.00489480844656,120.11164516210556
36.004962072775264,120.11215209960938
36.00475810979525,120.11225938796997
36.00464744880871,120.11167198419571
GC9
C区宿舍楼
GC9.jpg
36.00649177830755,120.11317938566208
36.00659809716343,120.11402696371078
36.00635725220277,120.11410742998123
36.006242253898975,120.11322766542435
GC10
C区宿舍楼
GC10.jpg
36.00533528026636,120.11164247989655
36.00546329870813,120.11254101991653
36.005218110662895,120.11256784200668
36.00512263900539,120.11169075965881
GC11
C区宿舍楼
GC11.jpg
36.00515735598514,120.1133805513382
36.005213771044595,120.11367291212082
36.00493386516053,120.11373460292816
36.00489914808241,120.11346101760864
GC12
C区宿舍楼
GC12.jpg
36.005784428799934,120.11151909828186
36.005918955882116,120.112318396568
36.00564773169102,120.11238813400269
36.00552622295077,120.11158347129822
GC13
C区宿舍楼
GC13.jpg
36.00553924175332,120.11292457580566
36.00557829814809,120.11322498321533
36.005302733171746,120.11328399181366
36.005261506832625,120.11301308870316
GC14
C区宿舍楼
GC14.jpg
36.00622489564985,120.11147081851959
36.006361591758115,120.11227816343307
36.00611206693752,120.11240154504776
36.00596669124318,120.1114895939827
GC15
C区宿舍楼
GC15.jpg
36.00596669124318,120.11273682117462
36.00600574742621,120.11304259300232
36.005717165172776,120.11310160160065
36.00569980680807,120.11280924081802
GC16
C区宿舍楼
GC16.jpg
36.004949053877425,120.11234253644943
36.005187733329855,120.11282533407211
36.00493386516053,120.11299163103104
36.00465829793189,120.11252224445343
GC17
C区宿舍楼
GC17.jpg
36.00641583617983,120.11271268129349
36.00645923169035,120.11301040649414
36.006188009357814,120.11306405067444
36.00614461369802,120.11279582977295
----------------------------------------------------------------------------------------
J1公共教学楼
学校最大的教学主楼J1，它那厚重大气的红色外墙，独特的弧形设计，总是能够在第一时间抓住你的视线！J1楼体东西长250多米，可同时容纳11505名学生上课。
J1公共教学楼.jpg
36.002314852659374,120.11765331029892
36.00270760158626,120.12012898921967
36.0023712697526,120.12035965919495
36.00191559207668,120.11765331029892
J2化工、材料学院楼
J2上有《山东科大报》社、科大网络新闻部、科大电视台、高教所和化工学院、材料学院办公室
J2化工、材料学院楼.jpg
36.001151783590046,120.11768281459808
36.001253769810255,120.11828362941742
36.00034022896668,120.11850893497467
36.00028598036518,120.11789739131927
J3外国语学院楼
J3教学楼以中间连廊为界，南北两边分别种植了一丛秀竹，并在这里分别设立了日语角和英语角，每天早晨都会吸引很多同学在这里练习外语口语
J3外国语学院楼.jpg
36.001551048040014,120.120008289814
36.00162048512931,120.12060642242432
36.00072864786324,120.1208370923996
36.00061798122167,120.12023359537125
J4资环学院楼
J4资环学院楼
J4资环学院楼.jpg
35.999274779602324,120.11604934930801
35.99909684164587,120.11727511882782
35.99909033171304,120.1172885298729
35.9988733336439,120.11616468429565
J5逸夫教学楼
逸夫教学楼的逸夫讲堂是学校最好的报告厅，许多高质量、高层次的报告和讲座都是在这里举办的，为同学们带来了丰厚的精神食粮。校史陈列馆也设置在逸夫楼内，4楼的展馆内保存着科大自建校以来的珍贵资料，记录了科大一路昂然前行的脚步，也记录了学校在发展过程中取得的累累硕果。
J5逸夫教学楼.jpg
36.00103677769412,120.12164980173111
36.00116046327349,120.122349858284
36.00043570641467,120.12253493070602
36.00034022896668,120.12183487415314
J6经管、地质、测绘学院楼
测绘学院、地质学院和经管学院同处于J6楼
J6经管、地质、测绘学院楼.jpg
36.000843654208545,120.11574357748032
36.00093045133922,120.11674672365189
36.000153613620895,120.11697739362717
35.99992576870463,120.1159742474556
J7公共教学楼
J7公共教学楼是继J1和J14教学楼之后的又一个公共教学楼。
J7公共教学楼.jpg
36.00202625689721,120.12145131826401
36.00211088283165,120.12210041284561
36.00145557194241,120.1222613453865
36.00134490632099,120.12160688638687
J8机电学院楼
机电学院楼位于J8楼，学院现有6个教学系、1个实验中心（下设14个实验室）、11个研究所。
J8机电学院楼.jpg
35.99896881286786,120.11484503746033
35.999109861509965,120.11568188667297
35.998513115530926,120.11584013700485
35.99832866586022,120.1150032877922
J11信电、文法学院
J11信电、文法学院
J11信电、文法学院.jpg
36.00203276658769,120.12241423130035
36.00213692156243,120.1232162117958
36.00165086383665,120.12333959341049
36.001498970182936,120.12253493070602
J13信息、理学院楼
信息、理学院楼都在J13办公。
J13信息、理学院楼.jpg
36.001488120625034,120.1239886879921
36.00156189758926,120.124691426754
36.00108668593371,120.12483358383179
36.000978189720364,120.12410938739777
J14公共教学楼
J14公共教学楼位于山东科技大学西部，教学楼建筑面积42308平方米，包含图书馆和教室；图书馆建筑面积为9800平方米。教室分东西两区，东区内设150人教室30间，240人教室15间，西区内设150人教室20间，110人教室60间。
J14公共教学楼.jpg
36.00154019848929,120.11552900075912
36.00166171337216,120.11662065982819
36.0013492461522,120.11669307947159
36.001177822637516,120.11564701795578
J15土建、艺术学院楼
J15土建、艺术学院楼
J15土建、艺术学院楼.jpg
36.002260605416275,120.12392431497574
36.00232353221481,120.12462437152863
36.00178105816412,120.12475848197937
36.00167039299948,120.12405306100845
--------------------------------------------------------------------------------------------------
S1实验楼
S1实验楼，这是学校最大的综合性实验楼，很多实验室都设置在这里，为同学们提供了一个培养动手实践能力的平台。
S1实验楼.jpg
36.00321969117159,120.12252151966095
36.0034062992615,120.12405306100845
36.00299185511418,120.12420058250427
36.00276618827507,120.12260466814041
S2实验楼
S2实验楼
S2实验楼.jpg
35.999639334161664,120.11604130268097
35.99987151981802,120.11713027954102
35.99961546456945,120.11718928813934
35.99939195803733,120.1161003112793
S3实验楼
S3实验楼
S3实验楼.jpg
35.99940497785269,120.11477530002594
35.99950696633201,120.11557728052139
35.99934421869593,120.11564165353775
35.99919666054892,120.1148584485054
S4化工实验室
S4化工实验室
S4化工实验室.jpg
36.00666319026977,120.11534124612808
36.00672177401952,120.11573284864426
36.006519985364925,120.11577308177948
36.00646140146524,120.11540293693542
机器人中心
我校的机器人研究中心设立在J11楼，世界上第一只机器人鸟就是从这里起飞的，这也标志着我校的动物机器人研究雄居世界领先水平。
机器人中心.jpg
36.00236692997764,120.12235522270203
36.00247325439563,120.12312769889832
36.002262775306704,120.1231786608696
36.00214994092461,120.1224222779274
---------------------------------------------------------------------------------------------------
图书馆
图书馆设在J14楼上，二、三两层均是图书的天下。校文献总量达360.3万册，其中纸质图书205.6万册、电子文献154.7万册，生均图书115.7册。除了每周二14:00-18:00闭馆整理外，每周一到周日的8：00-22：00，这里的大门都向科大学子敞开着。这里是知识的宝库，那张小小的校园卡就是打开宝藏的钥匙；这里是知识的海洋，只要你足够勤奋、足够用心，就能够在这片海域中寻得理想的珠贝。
图书馆.jpg
36.00155755776975,120.11411279439926
36.001698601781676,120.11516958475113
36.001017248374374,120.11531442403793
36.00084148427906,120.11429518461227
行政楼
行政楼位于在泰山广场西侧，这是学校最高的建筑，它就像是船头，昂首向东，在蓝天白云下引领着科大这艘巨轮斩浪前行。
行政楼.jpg
35.999880199642405,120.11750847101212
35.999828120681876,120.11839091777802
35.99942884750862,120.11848211288452
35.99922921016393,120.1176506280899
大学生活动中心
大学生活动中心是一座三层建筑。外表红白相间，颇显典雅风格。中心一楼有银行、邮局及大学生勤工俭学中心，方便了同学们的日常生活，同时拥有机房一个，为同学们查阅资料以及日常娱乐提供了最佳选择。二楼内部有报告厅一个，是科大学子日常举办活动的地方。三楼是学生会办公室（值班室），负责课外活动的组织以及同学们疑难问题的解答。本中心在每周末还会举办交谊舞舞会，大大丰富了同学们的课外生活。
大学生活动中心.jpg
36.00592980483034,120.11782765388489
36.006012256788146,120.11827826499939
36.005803956939005,120.11858135461807
36.005630373311014,120.11765867471695
学术交流中心
学术交流中心位于位于学生生活区 C区，集住宿、餐饮、会议服务等多种功能于一体，总建筑面积8000平方米。中心可以为客人提供餐饮、住宿、会议、商务、购物、旅游等各种服务，是公务、商务及旅游人士的理想下塌之处，也是举办各种会议、培训的理想场所。
学术交流中心.jpg
36.004319804584945,120.11358976364136
36.004463013485996,120.1144078373909
36.00420046363538,120.11447221040726
36.004144047850886,120.11364340782166
-----------------------------------------------------------------------------------------------------
学苑餐厅
学苑餐厅位于学生生或区A区。在一楼和二楼提供了美味的食物，在三楼有购物超市，位同学们提供了各种食品。
学苑餐厅.jpg
36.00505320500006,120.1178652048111
36.0051790540897,120.11866986751556
36.00466263758077,120.11879056692123
36.00453678766686,120.11799395084381
学海餐厅
学海餐厅位于学生生活区B区。餐厅分为三层。一层和二层提供了物廉价美的饭菜。三楼有电影院、台球室和网吧。
学海餐厅.jpg
36.0058169756957,120.12351125478745
36.00590593714223,120.12410402297974
36.005359148127205,120.12420326471329
36.00528971433014,120.12369900941849
学者餐厅
学者餐厅位于学生生活区C区。餐厅分为三层。一层和二层提供了物廉价美的饭菜。三楼主要提供点菜的服务。如果您需要过生日，可以考虑选择此地。
学者餐厅.jpg
36.00425904921501,120.11292189359665
36.0043284839197,120.11342078447342
36.00373828698093,120.1135978102684
36.003653662793035,120.11307209730148
-----------------------------------------------------------------------------------------------------
综合商场
综合商场位于学校北门，那里有面包房、礼品店、超市等。
综合商场.jpg
36.0070342199496,120.11686205863953
36.00711884050926,120.11726438999176
36.00679988561811,120.11735558509827
36.00673479262464,120.11696934700012
维客超市
维客购物广场位于山东科技大学校内，是一家集超市、电子卖场、联通、移动、电信、眼镜店、服装、鞋店、餐饮等于一体的购物场所。占地1千多平米。
维客超市.jpg
36.00436971074667,120.1139035820961
36.004452164335945,120.11441051959991
36.004202633472424,120.11445075273514
36.00413102881796,120.11393040418625
后勤服务总公司
后勤服务总公司
后勤服务总公司.jpg
36.00725119556144,120.11832922697067
36.007277232594745,120.11861085891724
36.00701686187488,120.11867791414261
36.00696478762771,120.11839359998703
中心浴室
中心浴室是学校最大的洗浴中心，一层为男生，二层为女生。运营时间是xxxx-xxxxx点。
中心浴室.jpg
36.0068389413884,120.11621564626694
36.006910543583686,120.11658847332001
36.00668488795994,120.11662870645523
36.00659592739231,120.11606812477112
---------------------------------------------------------------------------------------------------
B区体育馆
B区体育馆
B区体育馆.jpg
36.00749637728421,120.1198473572731
36.00779363197856,120.12134402990341
36.00735751339326,120.12139230966568
36.007144877586256,120.11992782354355
C区足球场
C区足球场
C区足球场.jpg
36.00262080641168,120.11135280132294
36.002742319629334,120.11241495609283
36.00136009572921,120.11279851198196
36.00112357461223,120.11168003082275
B区篮球场
B区篮球场
B区篮球场.jpg
36.00674130192643,120.12003779411316
36.00696912714962,120.12145668268204
36.00668705772862,120.12151032686234
36.006457061915384,120.12011557817459
B区排球场
B区排球场地从东到西排列，可以同时进行7场赛事。
B区排球场.jpg
36.00699299451585,120.1199546456337
36.00722515851955,120.1213949918747
36.00699082475557,120.12144327163696
36.006762999595075,120.12001901865005
B区足球场
B区足球场
B区足球场.jpg
36.0064462130397,120.1202979683876
36.00659809716343,120.12142181396484
36.00508575219767,120.12177854776382
36.004914336805975,120.1206761598587
C区排球场1
C区排球场1
C区排球场1.jpg
36.006203197833095,120.11499792337418
36.00633772420074,120.11582136154175
36.00607518059268,120.11587768793106
36.00594499335536,120.11507034301758
C区篮球场2
C区篮球场2
C区篮球场2.jpg
36.00319148293351,120.11070638895035
36.003323844578546,120.11154592037201
36.002714111220506,120.11168539524078
36.00258391843357,120.11086463928223
------------------------------------------------------------------------------------------------------
南大门
南大门
南大门.jpg
35.99955904550461,120.11911779642105
35.99970009309105,120.12001633644104
35.99944186731788,120.12009412050247
35.99927043965694,120.11918485164642
泰山广场
泰山广场
泰山广场.jpg
36.00126461940039,120.1186215877533
36.00141651350552,120.11970788240433
35.99990189919913,120.12006998062134
35.99974349229768,120.1189997792244
乾坤两仪
乾坤两仪
乾坤两仪.jpg
36.001828796030324,120.11887907981873
36.00188955327279,120.11920094490051
36.00178756787485,120.11923849582672
36.001731150364,120.11891394853592
墨水河
墨水河
墨水河.jpg
36.00147076132931,120.11861085891724
36.001637844392086,120.11964082717896
36.00145340202977,120.11969178915024
36.00127546898902,120.11863768100739
湿地园
湿地园
湿地园.jpg
36.00461924108141,120.12351393699646
36.00486226117012,120.1247450709343
36.00417225574818,120.12502402067184
36.00377517441904,120.12404769659042
励志坊
励志坊采用古代雕刻艺术建造，整座建筑古色古香，雕刻精美。旨在激励同学们树立远大志向，发愤图强，将来成为国家栋梁之才 。励志坊的前后两面分别设有坊额两款：“博学与文”、“笃行于道”。励志坊还有四副楹联，分别是由“博学于文”统领：汇人间群书博览者何其好也，集天下英才教育之不亦乐乎；不戏不怠古今大家皆从学时起，宜勤宜勉中外英才都自苦中来。由“笃行于道”统领：穷理尽性明德为民达至善，格物致知修身齐家效中华；水满则溢月盈则亏泽以流长乃称远，有容乃大无欲则刚山因直上而崇高。
励志坊.jpg
36.00379036335911,120.12138962745667
36.003840269855935,120.12173295021057
36.00355167967667,120.12180536985397
36.003508282565875,120.12145131826401
名人园
名人园
名人园.jpg
36.002829114670156,120.11522054672241
36.002792226789474,120.11560142040253
36.00259042807799,120.1156148314476
36.0025253316093,120.11526614427567
砚湖
砚湖
砚湖.jpg
36.00550886454402,120.11481821537018
36.005734523533675,120.11589646339417
36.00485575171322,120.11616468429565
36.00478414765187,120.11523395776749
太和钟楼
太和钟楼
太和钟楼.jpg
36.00409631138631,120.1141744852066
36.00411367010405,120.11430859565735
36.00399866852789,120.11432737112045
36.00398130978485,120.11416107416153
钟楼广场
钟楼广场
钟楼广场.jpg
36.00403555584419,120.1136702299118
36.00415706688167,120.11453658342361
36.00366451205295,120.11464387178421
36.00356469880526,120.11372655630112
微竹园
微竹园
微竹园.jpg
36.00127546898902,120.11863768100739
36.00135792581392,120.1138123869896
36.00135792581392,120.1138123869896
36.000485615034684,120.11239349842072
笔架山
笔架山
笔架山.jpg
35.99970009309105,120.10973274707794
35.99970877293429,120.11117309331894
35.998951453017575,120.11115431785583
35.99897532281074,120.10971665382385
尤洛卡广场
尤洛卡广场是由山东省尤洛卡自动化装备股份有限公司捐建，始建于2011年。
尤洛卡广场.jpg
36.00715572636581,120.11754333972931
36.007285911603915,120.11805564165115
36.00692356215764,120.11814415454865
36.00682592280045,120.1177230477333
北大门
北大门
北大门.jpg
36.00753977219996,120.11738508939743
36.00763524093054,120.11803954839706
36.00747901931121,120.1180824637413
36.007377041142696,120.11733144521713