从左上顺时针	19级ZOOM	（纬度，经度）
排球场
36.00699299451585,120.1199546456337
36.00722515851955,120.1213949918747
36.00699082475557,120.12144327163696
36.006762999595075,120.12001901865005
励志坊
36.00379036335911,120.12138962745667
36.003840269855935,120.12173295021057
36.00355167967667,120.12180536985397
36.003508282565875,120.12145131826401
篮球场
36.00674130192643,120.12003779411316
36.00696912714962,120.12145668268204
36.00668705772862,120.12151032686234
36.006457061915384,120.12011557817459
GA1
36.004879619719226,120.11914730072021
36.00504886537271,120.12012898921967
36.004816694960546,120.12017726898193
36.00465829793189,120.11921435594559
GA3
36.005302733171746,120.11929214000702
36.00542424225641,120.1200270652771
36.00519424275935,120.12011557817459
36.00509009182302,120.1193618774414
GA5
36.00569329742033,120.1191982626915
36.00584084341072,120.11994928121567
36.005615184725386,120.1199734210968
36.00547848732302,120.11926531791687
GA7
36.00611206693752,120.119109749794
36.0062292352125,120.11985540390015
36.00600357763875,120.11993050575256
36.00589508819073,120.11918485164642
GA9
36.0057193349681,120.11880934238434
36.00574320271269,120.1190185546875
36.0055717887503,120.11905610561371
36.00555443035358,120.11886566877365
GA11
36.00604046401709,120.11873692274094
36.00606867123594,120.1189461350441
36.00589291840024,120.11899173259735
36.00587556007423,120.11878788471222
GA13
36.00650913649789,120.11902123689651
36.00664800188309,120.11979103088379
36.006383289531286,120.11983394622803
36.00627263082571,120.11908024549484
GA15
36.00690620405854,120.118927359581
36.00704072922666,120.11965423822403
36.00681290421036,120.11976420879364
36.0067000763395,120.11897027492523
GA17
36.0073358158882,120.11884152889252
36.00745732183958,120.11960059404373
36.00722949802714,120.11967301368713
36.00710582196754,120.11889785528183
GA19
36.006404987298474,120.11842846870422
36.00645272236528,120.11881202459335
36.00625093302208,120.11886566877365
36.00620536761505,120.11849284172058
GA21
36.006795546086884,120.11835873126984
36.00684762044584,120.11872082948685
36.00665234142246,120.11876910924911
36.00660026693453,120.1184070110321
后勤服务总公司
36.00725119556144,120.11832922697067
36.007277232594745,120.11861085891724
36.00701686187488,120.11867791414261
36.00696478762771,120.11839359998703
尤洛卡广场
36.00715572636581,120.11754333972931
36.007285911603915,120.11805564165115
36.00692356215764,120.11814415454865
36.00682592280045,120.1177230477333
排球场
36.006203197833095,120.11499792337418
36.00633772420074,120.11582136154175
36.00607518059268,120.11587768793106
36.00594499335536,120.11507034301758
中心浴室
36.0068389413884,120.11621564626694
36.006910543583686,120.11658847332001
36.00668488795994,120.11662870645523
36.00659592739231,120.11606812477112
GA12
36.005808296524805,120.11719197034836
36.00584518299449,120.11740654706955
36.00566942966062,120.11744678020477
36.00563688270397,120.11724829673767
GA18
36.006192348922475,120.11715978384018
36.006261781924636,120.1175245642662
36.006077350378156,120.11755675077438
36.00599923806371,120.11722147464752
GA20
36.00659375762111,120.1170551776886
36.00665234142246,120.11742264032364
36.00644404326438,120.11748701334
36.006374610422725,120.11710613965988
S4化工实验室
36.00666319026977,120.11534124612808
36.00672177401952,120.11573284864426
36.006519985364925,120.11577308177948
36.00646140146524,120.11540293693542
综合商场
36.0070342199496,120.11686205863953
36.00711884050926,120.11726438999176
36.00679988561811,120.11735558509827
36.00673479262464,120.11696934700012
GA16
36.00643536416252,120.11608421802521
36.006546022639704,120.11678159236908
36.00634423353527,120.11689156293869
36.00622272586845,120.11613517999649
GA14
36.00603395465745,120.11616736650467
36.006138104346995,120.11691838502884
36.00592763504082,120.11698544025421
36.005825654865625,120.11621564626694
GA8
36.00567593905034,120.11628270149231
36.00577357983168,120.11701762676239
36.00553924175332,120.11707931756973
36.0054025442193,120.11634439229965
GA4
36.004847072436526,120.11648923158646
36.004962072775264,120.11723756790161
36.00475593997349,120.1172536611557
36.00461273160446,120.11652678251266
GA2
36.00448688161088,120.11654824018478
36.00461924108141,120.11753797531128
36.00438272974018,120.11761575937271
36.00424820003689,120.1166233420372
GA10
36.00547848732302,120.11728048324585
36.005504524941756,120.11748969554901
36.00533745007218,120.11752188205719
36.00530490297846,120.1173260807991
大学生活动中心
36.00592980483034,120.11782765388489
36.006012256788146,120.11827826499939
36.005803956939005,120.11858135461807
36.005630373311014,120.11765867471695
学术交流中心
36.004319804584945,120.11358976364136
36.004463013485996,120.1144078373909
36.00420046363538,120.11447221040726
36.004144047850886,120.11364340782166
维客超市
36.00436971074667,120.1139035820961
36.004452164335945,120.11441051959991
36.004202633472424,120.11445075273514
36.00413102881796,120.11393040418625
C16
36.004949053877425,120.11234253644943
36.005187733329855,120.11282533407211
36.00493386516053,120.11299163103104
36.00465829793189,120.11252224445343
C13
36.00553924175332,120.11292457580566
36.00557829814809,120.11322498321533
36.005302733171746,120.11328399181366
36.005261506832625,120.11301308870316
C11
36.00515735598514,120.1133805513382
36.005213771044595,120.11367291212082
36.00493386516053,120.11373460292816
36.00489914808241,120.11346101760864
C1
36.004775468367285,120.11379092931747
36.00487311026375,120.11444538831711
36.00463442985891,120.11445879936218
36.00455631611495,120.11384725570679
C3
36.00521594085378,120.1137775182724
36.005300563364976,120.11430323123932
36.00507924275922,120.11437565088272
36.00500546908593,120.11381506919861
C5
36.00560650553228,120.11343687772751
36.005747542301826,120.1142281293869
36.005495845736455,120.11426031589508
36.00534395948931,120.11348783969879
C7
36.00605782230679,120.1133644580841
36.00611640650635,120.11382848024368
36.00589508819073,120.11387944221497
36.0058169756957,120.11342883110046
C9
36.00649177830755,120.11317938566208
36.00659809716343,120.11402696371078
36.00635725220277,120.11410742998123
36.006242253898975,120.11322766542435
C15
36.00596669124318,120.11273682117462
36.00600574742621,120.11304259300232
36.005717165172776,120.11310160160065
36.00569980680807,120.11280924081802
C17
36.00641583617983,120.11271268129349
36.00645923169035,120.11301040649414
36.006188009357814,120.11306405067444
36.00614461369802,120.11279582977295
C10
36.00533528026636,120.11164247989655
36.00546329870813,120.11254101991653
36.005218110662895,120.11256784200668
36.00512263900539,120.11169075965881
C12
36.005784428799934,120.11151909828186
36.005918955882116,120.112318396568
36.00564773169102,120.11238813400269
36.00552622295077,120.11158347129822
C14
36.00622489564985,120.11147081851959
36.006361591758115,120.11227816343307
36.00611206693752,120.11240154504776
36.00596669124318,120.1114895939827
C8
36.00489480844656,120.11164516210556
36.004962072775264,120.11215209960938
36.00475810979525,120.11225938796997
36.00464744880871,120.11167198419571
C6
36.004465183315844,120.11169880628586
36.00455414628762,120.11235058307648
36.00432414425243,120.11243104934692
36.00424603020109,120.11181145906448
C4
36.004007347897996,120.11174976825714
36.00409631138631,120.1125517487526
36.003888006475485,120.11260539293289
36.00376432517431,120.11175513267517
C2
36.00354733996667,120.11173635721207
36.003694889972834,120.11267244815826
36.003454036143815,120.11269927024841
36.00330648568695,120.11184096336365
学者餐厅
36.00425904921501,120.11292189359665
36.0043284839197,120.11342078447342
36.00373828698093,120.1135978102684
36.003653662793035,120.11307209730148
GA6校医院
36.00527018606369,120.1163712143898
36.00536565754253,120.117127597332
36.00514216730837,120.11717587709427
36.00505537481365,120.11644631624222
学苑餐厅
36.00505320500006,120.1178652048111
36.0051790540897,120.11866986751556
36.00466263758077,120.11879056692123
36.00453678766686,120.11799395084381
体育馆
36.00749637728421,120.1198473572731
36.00779363197856,120.12134402990341
36.00735751339326,120.12139230966568
36.007144877586256,120.11992782354355
GB6
36.00605782230679,120.12195825576782
36.006155462615226,120.12243300676346
36.00589074860971,120.12244910001755
36.005797447559864,120.12197703123093
GB8
36.006519985364925,120.12184292078018
36.00661328555973,120.12227475643158
36.00634206375716,120.12233644723892
36.00625744236379,120.12190192937851
GB10
36.006938750491216,120.12174636125565
36.00698865499526,120.12218356132507
36.00673479262464,120.1222613453865
36.0067000763395,120.12179732322693
GB12
36.00734232514034,120.12162029743195
36.00747901931121,120.12207627296448
36.00721647950369,120.12214064598083
36.007138368317804,120.12169808149338
GB14
36.007810989882294,120.12153714895248
36.0078587240978,120.12197971343994
36.007609204015495,120.12205481529236
36.007574488115374,120.12159883975983
GB4
36.0056390525015,120.12200117111206
36.005823485073236,120.1230901479721
36.0055869773443,120.12323766946793
36.005367827347534,120.12207359075546
GB2
36.00522245028093,120.12210845947266
36.00537867637161,120.12318938970566
36.00512480881707,120.12320280075073
36.004994620010514,120.12221574783325
GB3
36.0060426338035,120.12451976537704
36.006188009357814,120.12556850910187
36.00593414440922,120.12567311525345
36.00577791941917,120.1245304942131
GB1
36.00559348674082,120.12465924024582
36.0056520712854,120.12512058019638
36.005415563042284,120.12517154216766
36.00535480851667,120.12476652860641
学海餐厅
36.0058169756957,120.12351125478745
36.00590593714223,120.12410402297974
36.005359148127205,120.12420326471329
36.00528971433014,120.12369900941849
S1实验楼
36.00321969117159,120.12252151966095
36.0034062992615,120.12405306100845
36.00299185511418,120.12420058250427
36.00276618827507,120.12260466814041
J15土建、艺术学院楼
36.002260605416275,120.12392431497574
36.00232353221481,120.12462437152863
36.00178105816412,120.12475848197937
36.00167039299948,120.12405306100845
J13信息、理学院楼
36.001488120625034,120.1239886879921
36.00156189758926,120.124691426754
36.00108668593371,120.12483358383179
36.000978189720364,120.12410938739777
机器人中心
36.00236692997764,120.12235522270203
36.00247325439563,120.12312769889832
36.002262775306704,120.1231786608696
36.00214994092461,120.1224222779274
J7公共教学楼
36.00202625689721,120.12145131826401
36.00211088283165,120.12210041284561
36.00145557194241,120.1222613453865
36.00134490632099,120.12160688638687
J5逸夫教学楼
36.00103677769412,120.12164980173111
36.00116046327349,120.122349858284
36.00043570641467,120.12253493070602
36.00034022896668,120.12183487415314
J8机电学院楼
35.99896881286786,120.11484503746033
35.999109861509965,120.11568188667297
35.998513115530926,120.11584013700485
35.99832866586022,120.1150032877922
S3实验楼
35.99940497785269,120.11477530002594
35.99950696633201,120.11557728052139
35.99934421869593,120.11564165353775
35.99919666054892,120.1148584485054
图书馆
36.00155755776975,120.11411279439926
36.001698601781676,120.11516958475113
36.001017248374374,120.11531442403793
36.00084148427906,120.11429518461227
J14公共教学楼
36.00154019848929,120.11552900075912
36.00166171337216,120.11662065982819
36.0013492461522,120.11669307947159
36.001177822637516,120.11564701795578
J6经管、地质、测绘学院楼
36.000843654208545,120.11574357748032
36.00093045133922,120.11674672365189
36.000153613620895,120.11697739362717
35.99992576870463,120.1159742474556
S2实验楼
35.999639334161664,120.11604130268097
35.99987151981802,120.11713027954102
35.99961546456945,120.11718928813934
35.99939195803733,120.1161003112793
J4资环学院楼
35.999274779602324,120.11604934930801
35.99909684164587,120.11727511882782
35.99909033171304,120.1172885298729
35.9988733336439,120.11616468429565
J2化工、材料学院楼
36.001151783590046,120.11768281459808
36.001253769810255,120.11828362941742
36.00034022896668,120.11850893497467
36.00028598036518,120.11789739131927
行政楼
35.999880199642405,120.11750847101212
35.999828120681876,120.11839091777802
35.99942884750862,120.11848211288452
35.99922921016393,120.1176506280899
J1公共教学楼
36.002314852659374,120.11765331029892
36.00270760158626,120.12012898921967
36.0023712697526,120.12035965919495
36.00191559207668,120.11765331029892
J3外国语学院楼
36.001551048040014,120.120008289814
36.00162048512931,120.12060642242432
36.00072864786324,120.1208370923996
36.00061798122167,120.12023359537125